image_width: 1232
image_height: 1616
camera_name: 00b09d01009f01b2_1232x1616_c1
camera_matrix:
  rows: 3
  cols: 3
  data: [748.912, 0.000, 608.208, 0.000, 748.563, 807.726, 0.000, 0.000, 1.000]
distortion_model: plumb_bob
distortion_coefficients:
  rows: 1
  cols: 8
  data: [0.2275557965, -0.0222333074, 0.0000001093, -0.0000010494, 0.0015335338, 0.4942185879, -0.0259299297, 0.0018871631]
rectification_matrix:
  rows: 3
  cols: 3
  data: [1.0, 0.0, 0.0, 0.0, 1.0, 0.0, 0.0, 0.0, 1.0]
projection_matrix:
  rows: 3
  cols: 4
  data: [748.912, 0.000, 608.208, 0.000, 0.000, 748.563, 807.726, 0.000, 0.000, 0.000, 1.000, 0.000]
