image_width: 1232
image_height: 1616
camera_name: 00b09d01009f01a3_1232x1616_c4
camera_matrix:
  rows: 3
  cols: 3
  data: [747.462, 0.000, 619.148, 0.000, 747.324, 805.007, 0.000, 0.000, 1.000]
distortion_model: plumb_bob
distortion_coefficients:
  rows: 1
  cols: 8
  data: [0.2183489054, -0.0212442651, -0.0000008510, 0.0000008916, 0.0014459463, 0.4842793345, -0.0258809607, 0.0018613150]
rectification_matrix:
  rows: 3
  cols: 3
  data: [1.0, 0.0, 0.0, 0.0, 1.0, 0.0, 0.0, 0.0, 1.0]
projection_matrix:
  rows: 3
  cols: 4
  data: [747.462, 0.000, 619.148, 0.000, 0.000, 747.324, 805.007, 0.000, 0.000, 0.000, 1.000, 0.000]
