image_width: 1232
image_height: 1616
camera_name: 00b09d01009f01ae_1232x1616_c0
camera_matrix:
  rows: 3
  cols: 3
  data: [747.349, 0.000, 620.470, 0.000, 747.145, 806.766, 0.000, 0.000, 1.000]
distortion_model: plumb_bob
distortion_coefficients:
  rows: 1
  cols: 8
  data: [0.2190012932, -0.0213716980, -0.0000000972, 0.0000008243, 0.0014582768, 0.4846394062, -0.0258204620, 0.0018475150]
rectification_matrix:
  rows: 3
  cols: 3
  data: [1.0, 0.0, 0.0, 0.0, 1.0, 0.0, 0.0, 0.0, 1.0]
projection_matrix:
  rows: 3
  cols: 4
  data: [747.349, 0.000, 620.470, 0.000, 0.000, 747.145, 806.766, 0.000, 0.000, 0.000, 1.000, 0.000]
