image_width: 1232
image_height: 1616
camera_name: 00b09d01009f01ae_1232x1616_c5
camera_matrix:
  rows: 3
  cols: 3
  data: [746.265, 0.000, 611.166, 0.000, 746.134, 790.032, 0.000, 0.000, 1.000]
distortion_model: plumb_bob
distortion_coefficients:
  rows: 1
  cols: 8
  data: [0.2178829759, -0.0209221132, -0.0000024522, -0.0000016194, 0.0014092842, 0.4836170375, -0.0254996791, 0.0018266401]
rectification_matrix:
  rows: 3
  cols: 3
  data: [1.0, 0.0, 0.0, 0.0, 1.0, 0.0, 0.0, 0.0, 1.0]
projection_matrix:
  rows: 3
  cols: 4
  data: [746.265, 0.000, 611.166, 0.000, 0.000, 746.134, 790.032, 0.000, 0.000, 0.000, 1.000, 0.000]
