image_width: 1232
image_height: 1616
camera_name: 00b09d01009f01a3_1232x1616_c1
camera_matrix:
  rows: 3
  cols: 3
  data: [745.429, 0.000, 618.518, 0.000, 745.277, 815.369, 0.000, 0.000, 1.000]
distortion_model: plumb_bob
distortion_coefficients:
  rows: 1
  cols: 8
  data: [0.2195454687, -0.0211385190, 0.0000013374, 0.0000000796, 0.0014110324, 0.4855492711, -0.0256122313, 0.0018007285]
rectification_matrix:
  rows: 3
  cols: 3
  data: [1.0, 0.0, 0.0, 0.0, 1.0, 0.0, 0.0, 0.0, 1.0]
projection_matrix:
  rows: 3
  cols: 4
  data: [745.429, 0.000, 618.518, 0.000, 0.000, 745.277, 815.369, 0.000, 0.000, 0.000, 1.000, 0.000]
