image_width: 1232
image_height: 1616
camera_name: 00b09d01009f01a3_1232x1616_c3
camera_matrix:
  rows: 3
  cols: 3
  data: [747.944, 0.000, 606.728, 0.000, 747.602, 806.269, 0.000, 0.000, 1.000]
distortion_model: plumb_bob
distortion_coefficients:
  rows: 1
  cols: 8
  data: [0.2186739296, -0.0212174952, -0.0000017476, -0.0000014079, 0.0014487061, 0.4842790365, -0.0259538665, 0.0018847331]
rectification_matrix:
  rows: 3
  cols: 3
  data: [1.0, 0.0, 0.0, 0.0, 1.0, 0.0, 0.0, 0.0, 1.0]
projection_matrix:
  rows: 3
  cols: 4
  data: [747.944, 0.000, 606.728, 0.000, 0.000, 747.602, 806.269, 0.000, 0.000, 0.000, 1.000, 0.000]
