image_width: 1232
image_height: 1616
camera_name: 00b09d01009f01b2_1232x1616_c2
camera_matrix:
  rows: 3
  cols: 3
  data: [747.056, 0.000, 642.906, 0.000, 746.754, 785.916, 0.000, 0.000, 1.000]
distortion_model: plumb_bob
distortion_coefficients:
  rows: 1
  cols: 8
  data: [0.2124365121, -0.0199869424, -0.0000004886, 0.0000002211, 0.0013283446, 0.4770828485, -0.0251796767, 0.0018042650]
rectification_matrix:
  rows: 3
  cols: 3
  data: [1.0, 0.0, 0.0, 0.0, 1.0, 0.0, 0.0, 0.0, 1.0]
projection_matrix:
  rows: 3
  cols: 4
  data: [747.056, 0.000, 642.906, 0.000, 0.000, 746.754, 785.916, 0.000, 0.000, 0.000, 1.000, 0.000]
