image_width: 1232
image_height: 1616
camera_name: 00b09d01009f01ae_1232x1616_c1
camera_matrix:
  rows: 3
  cols: 3
  data: [748.698, 0.000, 623.039, 0.000, 748.523, 812.070, 0.000, 0.000, 1.000]
distortion_model: plumb_bob
distortion_coefficients:
  rows: 1
  cols: 8
  data: [0.2271922380, -0.0222809967, 0.0000008410, 0.0000011835, 0.0015429246, 0.4935182631, -0.0257889125, 0.0018516541]
rectification_matrix:
  rows: 3
  cols: 3
  data: [1.0, 0.0, 0.0, 0.0, 1.0, 0.0, 0.0, 0.0, 1.0]
projection_matrix:
  rows: 3
  cols: 4
  data: [748.698, 0.000, 623.039, 0.000, 0.000, 748.523, 812.070, 0.000, 0.000, 0.000, 1.000, 0.000]
