image_width: 1232
image_height: 1616
camera_name: 00b09d01009f01a3_1232x1616_c2
camera_matrix:
  rows: 3
  cols: 3
  data: [746.337, 0.000, 598.665, 0.000, 745.965, 800.494, 0.000, 0.000, 1.000]
distortion_model: plumb_bob
distortion_coefficients:
  rows: 1
  cols: 8
  data: [0.2160949409, -0.0207685027, -0.0000023727, -0.0000023210, 0.0013780231, 0.4818384647, -0.0254503340, 0.0017667443]
rectification_matrix:
  rows: 3
  cols: 3
  data: [1.0, 0.0, 0.0, 0.0, 1.0, 0.0, 0.0, 0.0, 1.0]
projection_matrix:
  rows: 3
  cols: 4
  data: [746.337, 0.000, 598.665, 0.000, 0.000, 745.965, 800.494, 0.000, 0.000, 0.000, 1.000, 0.000]
