image_width: 1232
image_height: 1616
camera_name: 00b09d01009f01ae_1232x1616_c3
camera_matrix:
  rows: 3
  cols: 3
  data: [753.067, 0.000, 616.150, 0.000, 752.866, 787.409, 0.000, 0.000, 1.000]
distortion_model: plumb_bob
distortion_coefficients:
  rows: 1
  cols: 8
  data: [0.2225068510, -0.0216348227, -0.0000020073, 0.0000015866, 0.0015672654, 0.4877900779, -0.0262632500, 0.0020684814]
rectification_matrix:
  rows: 3
  cols: 3
  data: [1.0, 0.0, 0.0, 0.0, 1.0, 0.0, 0.0, 0.0, 1.0]
projection_matrix:
  rows: 3
  cols: 4
  data: [753.067, 0.000, 616.150, 0.000, 0.000, 752.866, 787.409, 0.000, 0.000, 0.000, 1.000, 0.000]
