image_width: 1232
image_height: 1616
camera_name: _1232x1616_c4
camera_matrix:
  rows: 3
  cols: 3
  data: [747.96984, 0, 612.79782, 0, 744.85132, 772.00794, 0, 0, 1]
distortion_model: plumb_bob
distortion_coefficients:
  rows: 1
  cols: 5
  data: [-0.19889, 0.03244, -0.00039, -0.00126, 0]
rectification_matrix:
  rows: 3
  cols: 3
  data: [1, 0, 0, 0, 1, 0, 0, 0, 1]
projection_matrix:
  rows: 3
  cols: 4
  data: [626.05042, 0, 606.90741, 0, 0, 539.75128, 760.23612, 0, 0, 0, 1, 0]